time in (ms)
0
0
0
0
2
0
1
0
0
1
1
1
5
1
1
1
2
1
5
1
1
1
1
1
1
5
1
2
1
1
1
1
1
3
1
1
1
7
2
3
2
2
3
1
1
2
2
2
8
2
3
2
2
7
2
2
2
6
2
2
2
3
2
4
3
3
2
6
2
2
3
2
2
7
2
2
2
2
2
6
2
3
2
2
7
3
7
3
9
4
4
4
6
7
3
6
6
4
4
6
4
6
3
3
3
7
4
6
5
7
4
4
3
4
4
7
5
4
4
7
8
4
5
11
12
5
6
8
4
4
4
4
3
5
3
7
4
7
4
4
5
3
4
7
4
7
4
5
4
5
4
5
4
4
5
8
5
5
11
5
6
4
8
4
4
5
4
4
5
7
4
4
5
9
5
5
4
8
5
5
9
6
6
6
6
5
5
8
5
6
5
6
10
5
6
5
5
5
6
10
6
5
10
5
6
5
5
5
5
5
5
6
5
8
5
5
9
5
5
5
6
10
5
5
5
5
10
7
8
12
6
7
12
6
7
12
6
6
9
7
8
7
11
7
7
11
11
12
11
7
12
12
12
7
9
13
11
13
8
7
7
8
7
8
11
7
8
7
12
6
11
11
11
7
7
12
12
12
8
7
11
11
10
11
6
8
6
11
11
7
9
8
9
12
12
7
9
10
9
11
11
12
12
13
12
8
8
10
9
8
13
12
12
14
12
13
13
12
14
13
15
9
15
10
10
14
10
10
10
16
11
15
10
11
15
14
10
10
10
10
10
14
10
10
10
10
10
12
11
12
12
12
12
12
13
16
15
11
12
13
12
12
11
11
15
14
16
11
13
13
11
15
15
16
14
14
15
14
16
13
11
11
11
18
13
13
11
15
17
13
12
12
15
17
24
15
11
13
13
15
15
12
12
15
15
12
12
14
16
12
13
14
11
13
12
14
13
15
15
12
13
16
13
12
16
17
13
15
13
11
15
12
13
15
15
13
13
16
15
18
14
17
13
13
15
13
16
17
15
14
13
17
13
16
15
20
19
14
17
16
17
15
18
15
18
18
15
16
21
15
18
16
19
18
15
18
16
18
16
19
17
14
17
17
14
16
15
19
19
15
18
15
14
17
14
19
17
15
14
17
14
18
18
16
17
18
16
16
18
18
15
15
18
18
21
17
20
18
17
21
15
16
18
18
16
16
24
18
18
19
15
16
19
19
19
19
24
18
19
19
19
18
22
21
19
16
18
20
23
21
21
24
21
20
20
20
20
20
22
21
20
17
20
22
21
16
20
23
17
16
15
17
17
17
21
17
16
16
16
16
17
17
16
17
16
17
16
17
16
17
16
18
17
21
23
58
15
19
21
24
23
18
18
17
17
17
22
22
19
22
24
19
22
18
22
21
18
17
18
21
23
17
18
22
23
24
19
18
18
18
18
21
25
19
23
18
17
18
24
25
25
19
23
25
27
19
23
20
26
24
22
19
23
25
27
22
19
22
18
22
20
20
30
19
23
26
19
23
20
24
25
25
21
26
23
21
24
24
20
20
23
23
25
23
20
24
20
24
26
21
24
24
20
24
28
24
21
24
30
20
24
20
23
20
24
24
21
24
21
28
26
21
24
25
21
24
23
20
23
25
30
21
20
24
25
25
25
24
24
26
25
27
24
26
25
25
27
27
31
25
26
25
26
26
25
24
29
25
25
22
22
22
21
26
22
22
25
27
29
24
26
26
22
24
22
23
27
25
43
22
23
22
22
22
25
26
28
23
23
22
25
28
27
27
28
26
26
27
26
25
23
26
29
26
26
27
26
27
25
24
23
23
25
27
26
23
27
27
26
26
27
23
26
27
28
26
27
23
26
27
26
23
27
29
39
24
29
27
27
27
28
29
23
27
28
27
27
28
27
26
28
28
27
27
27
30
27
24
28
24
28
25
28
24
29
28
24
28
28
28
28
27
24
28
28
28
28
28
28
28
28
27
28
29
29
29
29
28
29
25
28
28
28
26
34
40
32
38
32
34
31
28
29
30
29
29
30
32
29
29
30
29
30
32
33
33
32
29
31
36
30
27
31
31
31
30
29
32
29
46
31
30
35
31
32
30
27
32
31
38
46
43
36
36
32
28
37
36
35
32
39
35
39
33
28
32
37
38
35
35
36
69
50
58
49
45
59
50
85
67
58
92
96
50
48
54
42
43
39
42
37
44
37
39
35
33
69
38
44
33
50
66
58
45
36
36
41
40
46
43
41
60
51
38
35
35
